1. 49 is the biggest number present. This effects the size of the pieces that we have to work with.

2. because of the nature of the f-piece, I believe that we must treat each number presented as
the sum of squares. 

3. I believe my assumptions above are all correct. After writing my sum square program, I have made the following realizations.
        13 [1, 1, 1, 1, 1, 1, 1, 1, 1, 1, 1, 1, 1]
        13 [1, 1, 1, 1, 1, 4, 4]
        13 [1, 1, 1, 1, 1, 1, 1, 1, 1, 4]
        13 [1, 4, 4, 4]
        13 [4, 9]
        13 [1, 1, 1, 1, 9]
        14 [1, 4, 9]
        14 [1, 1, 1, 1, 1, 1, 1, 1, 1, 1, 4]
        14 [1, 1, 1, 1, 1, 1, 1, 1, 1, 1, 1, 1, 1, 1]
        14 [1, 1, 4, 4, 4]
        14 [1, 1, 1, 1, 1, 1, 4, 4]
        14 [1, 1, 1, 1, 1, 9]
        17 [1, 1, 1, 1, 1, 4, 4, 4]
        17 [1, 1, 1, 1, 1, 1, 1, 1, 1, 4, 4]
        17 [1, 4, 4, 4, 4]
        17 [1, 1, 1, 1, 1, 1, 1, 1, 1, 1, 1, 1, 1, 4]
        17 [4, 4, 9]
        17 [1, 1, 1, 1, 4, 9]
        17 [1, 1, 1, 1, 1, 1, 1, 1, 9]
        17 [1, 1, 1, 1, 1, 1, 1, 1, 1, 1, 1, 1, 1, 1, 1, 1, 1]
        20 [1, 1, 1, 4, 4, 9]
        20 [1, 1, 1, 1, 1, 1, 1, 1, 1, 1, 1, 1, 4, 4]
        20 [4, 4, 4, 4, 4]
        20 [1, 1, 1, 1, 4, 4, 4, 4]
        20 [1, 1, 9, 9]
        20 [1, 1, 1, 1, 1, 1, 1, 4, 9]
        20 [1, 1, 1, 1, 1, 1, 1, 1, 4, 4, 4]
        20 [1, 1, 1, 1, 1, 1, 1, 1, 1, 1, 1, 9]
        22 [1, 1, 1, 1, 1, 1, 1, 1, 1, 1, 4, 4, 4]
        22 [1, 1, 1, 1, 9, 9]
        22 [1, 4, 4, 4, 9]
        22 [1, 1, 1, 1, 1, 1, 1, 1, 1, 1, 1, 1, 1, 9]
        22 [4, 9, 9]
        22 [1, 1, 1, 1, 1, 1, 4, 4, 4, 4]
        22 [1, 1, 4, 4, 4, 4, 4]
        22 [1, 1, 1, 1, 1, 4, 4, 9]
        22 [1, 1, 1, 1, 1, 1, 1, 1, 1, 4, 9]
        23 [1, 1, 1, 1, 1, 1, 1, 1, 1, 1, 4, 9]
        23 [1, 1, 1, 1, 1, 9, 9]
        23 [1, 4, 9, 9]
        23 [1, 1, 1, 4, 4, 4, 4, 4]
        23 [1, 1, 1, 1, 1, 1, 4, 4, 9]
        23 [1, 1, 1, 1, 1, 1, 1, 1, 1, 1, 1, 1, 1, 1, 9]
        23 [1, 1, 4, 4, 4, 9]
        23 [1, 1, 1, 1, 1, 1, 1, 4, 4, 4, 4]
        23 [1, 1, 1, 1, 1, 1, 1, 1, 1, 1, 1, 4, 4, 4]
        24 [1, 1, 1, 1, 4, 4, 4, 4, 4]
        24 [1, 1, 1, 1, 1, 1, 1, 1, 1, 1, 1, 4, 9]
        24 [1, 1, 1, 1, 1, 1, 1, 4, 4, 9]
        24 [4, 4, 4, 4, 4, 4]
        24 [1, 1, 1, 1, 1, 1, 9, 9]
        24 [1, 1, 4, 9, 9]
        24 [1, 1, 1, 1, 1, 1, 1, 1, 4, 4, 4, 4]
        24 [1, 1, 1, 4, 4, 4, 9]
        26 [1, 1, 4, 4, 4, 4, 4, 4]
        26 [4, 4, 9, 9]
        26 [1, 1, 1, 1, 1, 1, 1, 1, 1, 4, 4, 9]
        26 [1, 1, 1, 1, 1, 1, 4, 4, 4, 4, 4]
        26 [1, 4, 4, 4, 4, 9]
        26 [1, 1, 1, 1, 1, 1, 1, 1, 9, 9]
        26 [1, 1, 1, 1, 4, 9, 9]
        26 [1, 1, 1, 1, 1, 4, 4, 4, 9]
        28 [1, 1, 1, 1, 1, 1, 1, 1, 1, 1, 9, 9]
        28 [4, 4, 4, 4, 4, 4, 4]
        28 [1, 1, 4, 4, 9, 9]
        28 [1, 1, 1, 1, 1, 1, 1, 4, 4, 4, 9]
        28 [1, 1, 1, 4, 4, 4, 4, 9]
        28 [1, 1, 1, 1, 4, 4, 4, 4, 4, 4]
        28 [1, 1, 1, 1, 1, 1, 4, 9, 9]
        28 [1, 9, 9, 9]
        29 [1, 4, 4, 4, 4, 4, 4, 4]
        29 [1, 1, 1, 1, 1, 1, 1, 1, 1, 1, 1, 9, 9]
        29 [1, 1, 1, 1, 4, 4, 4, 4, 9]
        29 [1, 1, 1, 1, 1, 1, 1, 4, 9, 9]
        29 [4, 4, 4, 4, 4, 9]
        29 [1, 1, 1, 4, 4, 9, 9]
        29 [1, 1, 9, 9, 9]
        29 [1, 1, 1, 1, 1, 4, 4, 4, 4, 4, 4]
        29 [1, 1, 1, 1, 1, 1, 1, 1, 4, 4, 4, 9]
        30 [1, 1, 4, 4, 4, 4, 4, 4, 4]
        30 [1, 1, 1, 1, 1, 4, 4, 4, 4, 9]
        30 [1, 1, 1, 1, 4, 4, 9, 9]
        30 [1, 4, 4, 4, 4, 4, 9]
        30 [1, 1, 1, 9, 9, 9]
        30 [1, 1, 1, 1, 1, 1, 1, 1, 4, 9, 9]
        30 [4, 4, 4, 9, 9]
        32 [1, 1, 1, 1, 1, 1, 4, 4, 9, 9]
        32 [1, 4, 9, 9, 9]
        32 [4, 4, 4, 4, 4, 4, 4, 4]
        32 [1, 1, 1, 1, 1, 9, 9, 9]
        32 [1, 1, 1, 4, 4, 4, 4, 4, 9]
        32 [1, 1, 4, 4, 4, 9, 9]
        34 [1, 1, 1, 4, 9, 9, 9]
        34 [1, 4, 4, 4, 4, 4, 4, 9]
        34 [1, 1, 1, 1, 4, 4, 4, 9, 9]
        34 [1, 1, 1, 1, 1, 1, 1, 9, 9, 9]
        34 [4, 4, 4, 4, 9, 9]
        35 [1, 1, 1, 1, 1, 1, 1, 1, 9, 9, 9]
        35 [1, 1, 1, 1, 4, 9, 9, 9]
        35 [1, 1, 4, 4, 4, 4, 4, 4, 9]
        35 [1, 4, 4, 4, 4, 9, 9]
        35 [1, 1, 1, 1, 1, 4, 4, 4, 9, 9]
        35 [4, 4, 9, 9, 9]
        36 [1, 4, 4, 9, 9, 9]
        36 [1, 1, 1, 1, 1, 4, 9, 9, 9]
        36 [9, 9, 9, 9]
        36 [1, 1, 4, 4, 4, 4, 9, 9]
        39 [4, 4, 4, 9, 9, 9]
        39 [1, 1, 1, 9, 9, 9, 9]
        39 [1, 1, 1, 1, 4, 4, 9, 9, 9]
        39 [1, 4, 4, 4, 4, 4, 9, 9]
        43 [1, 1, 1, 4, 9, 9, 9, 9]
X-----> 43 [4, 4, 4, 4, 9, 9, 9]
X-----> 49 [4, 9, 9, 9, 9, 9]

the following numbers marked above are exceptionally interesting. due to their intersection,
I don't believe that the one listed above 43 [1, 1, 1, 4, 9, 9, 9, 9] would work for our grid.
As a result, I believe this allows for us to narrow down the problem substantially, making
a sudoku approach quite possible.